[gd_scene load_steps=6 format=3 uid="uid://ds3mwmmnrw05c"]

[ext_resource type="PackedScene" uid="uid://b6q3bttyrkyib" path="res://scenes/object.tscn" id="1_d4pxh"]
[ext_resource type="PackedScene" uid="uid://dvikw0yis3t5l" path="res://scenes/player.tscn" id="2_w28ep"]
[ext_resource type="PackedScene" uid="uid://4d1j240rcggd" path="res://scenes/coin.tscn" id="3_jmdv0"]
[ext_resource type="Environment" uid="uid://cfkoqhisibcpb" path="res://assets/resources/level_1_environment.tres" id="4_tesk8"]
[ext_resource type="MeshLibrary" uid="uid://cyvt5j8xwu24c" path="res://assets/resources/world_blocks.tres" id="5_de4in"]

[node name="Level1" type="Node3D"]

[node name="DirectionalLight3D" type="DirectionalLight3D" parent="."]
transform = Transform3D(0.991264, 0.0485223, -0.12264, 0.0652551, 0.627638, 0.775765, 0.114615, -0.776991, 0.618989, -0.172996, 5.30898, 4.15091)
shadow_enabled = true

[node name="Objects" type="Node3D" parent="."]

[node name="Object1" parent="Objects" instance=ExtResource("1_d4pxh")]
transform = Transform3D(-0.703828, -0.467245, -0.535077, 0.105415, -0.813595, 0.571796, -0.702505, 0.346041, 0.621886, 0, 2.26059, 1.00396)

[node name="Object2" parent="Objects" instance=ExtResource("1_d4pxh")]
transform = Transform3D(0.146033, -0.894985, 0.421518, -0.815062, -0.350329, -0.461459, 0.560668, -0.276175, -0.780627, 0.829727, 2.26059, 1.77256)

[node name="Object3" parent="Objects" instance=ExtResource("1_d4pxh")]
transform = Transform3D(-0.483708, -0.509277, 0.711804, -0.14608, 0.848845, 0.508058, -0.862953, 0.141771, -0.484988, -1.13587, 2.97732, 1.77256)

[node name="Player" parent="." instance=ExtResource("2_w28ep")]
transform = Transform3D(1, 0, 0, 0, 1, 0, 0, 0, 1, 0, 0.273854, 3)

[node name="Coin" parent="." instance=ExtResource("3_jmdv0")]
transform = Transform3D(1, 0, 0, 0, 1, 0, 0, 0, 1, 0, 1.03946, -1.76884)

[node name="WorldEnvironment" type="WorldEnvironment" parent="."]
environment = ExtResource("4_tesk8")

[node name="GridMap" type="GridMap" parent="."]
transform = Transform3D(0.25, 0, 0, 0, 0.25, 0, 0, 0, 0.25, 0, 0, 0)
mesh_library = ExtResource("5_de4in")
data = {
"cells": PackedInt32Array(-1, 65532, 0, -2, 65531, 1441792, -2, 65532, 0, -1, 65531, 0, -65534, 65532, 0, -65535, 65532, 0, -65535, 65531, 1441792, -65534, 65531, 655365, -3, 65531, 655365, -3, 65532, 0, -65534, 65533, 0, -65535, 65533, 0, -2, 65533, 0, -1, 65533, 0, -3, 65533, 0, -65536, 65531, 0, -65536, 65532, 0, -65536, 65533, 0, -3, 65534, 0, -3, 65535, 0, -3, 0, 0, -3, 1, 0, -3, 3, 0, -3, 2, 0, -2, 3, 0, -2, 2, 0, -2, 1, 0, -2, 0, 0, -2, 65535, 0, -2, 65534, 0, -1, 3, 0, -1, 4, 0, -1, 2, 0, -1, 1, 0, -1, 0, 0, -1, 65535, 0, -65536, 65535, 0, -65536, 65534, 0, -1, 65534, 0, -65536, 1, 0, -65536, 2, 0, -65536, 3, 0, -65536, 4, 0, -2, 4, 0, -3, 4, 0, -65536, 0, 0, -65534, 65534, 655360, -65535, 65534, 0, -65535, 65535, 0, -65534, 65535, 655360, -65534, 0, 0, -65535, 0, 0, -65534, 1, 0, -65535, 1, 0, -65535, 4, 0, -65534, 4, 0, -65534, 3, 0, -65535, 3, 0, -65535, 2, 0, -65534, 2, 0, -4, 4, 1441797, -4, 3, 1441797, -4, 2, 1441797, -4, 1, 1441797, -4, 0, 1441797, -4, 65535, 1441797, -4, 65534, 1441797, -4, 65533, 1441797, -4, 65532, 1441797, -4, 65531, 1441798, 65535, 65533, 1, 65535, 65534, 3, 65535, 65535, 655362, -65534, 5, 655360, -65535, 5, 655360, -65536, 5, 655360, -4, 5, 1441797, -3, 5, 655360, -1, 5, 655360, -2, 5, 655360, -4, 6, 6, -3, 6, 5, -2, 6, 5, -1, 6, 5, -65536, 6, 5, -65535, 6, 5, -65534, 6, 5, -65533, 65531, 655366, -65533, 65532, 1048581, -65533, 65533, 1048581, -65533, 65534, 1048581, -65533, 65535, 1048581, -65533, 0, 1048581, -65533, 1, 1048581, -65533, 2, 1048581, -65533, 3, 1048581, -65533, 4, 1048581, -65533, 5, 1048581, -65533, 6, 1048582, 0, 65535, 655362, 0, 65534, 655363, 0, 65533, 1, 0, 65532, 1441792, 65535, 65532, 1441792, 65535, 65531, 655365, 0, 65531, 655365, 65534, 65534, 655364, 65534, 65533, 1, 1, 65534, 1441796, 1, 65533, 1, 65534, 65532, 1441797, 65534, 65531, 1441798, 1, 65532, 1048581, 1, 65531, 655366)
}
metadata/_editor_floor_ = Vector3(0, 0, 0)
